srun: job 77961 queued and waiting for resources
srun: job 77961 has been allocated resources
# elapsed time (softime_auto): 1.1179e-05s
0.001612
0.000414
0.001934
0.001679
0.000407
0.002194
0.001963
0.000492
0.001119
0.000585
0.000384
0.000944
0.000552
0.000461
0.000943
0.002302
0.002145
0.002318
0.002177
0.002189
0.000433
0.001349
0.002201
0.002248
0.002143
0.000394
0.000834
0.001559
0.001566
0.000572
0.000420
0.000319
0.000735
0.000396
0.001973
0.001136
0.001541
0.001831
0.002153
0.000865
0.001173
0.001559
0.000339
0.000651
0.001727
0.000483
0.002046
0.001234
0.001228
0.000701
0.001438
0.001390
0.001397
0.000817
0.000692
0.000735
0.001172
0.000447
0.000445
0.000578
0.001297
0.001557
0.000337
0.000595
0.000550
0.001809
0.000347
0.000426
0.000384
0.002307
0.001640
0.001635
0.001268
0.000406
0.000596
0.001456
0.002114
0.000843
0.000339
0.001191
0.000760
0.000406
0.000678
0.000481
0.001461
0.000350
0.001550
0.000340
0.000459
0.000716
0.000842
0.000790
0.000770
0.000838
0.001151
0.001546
0.001306
0.001993
0.001429
0.001589
0.000549
0.001296
0.001230
0.000318
0.001171
0.001309
0.000437
0.001146
0.000401
0.000787
0.000856
0.001486
0.002154
0.000995
0.000624
0.001825
0.001019
0.001591
0.000494
0.000327
0.001420
0.001633
0.000526
0.001632
0.000869
0.002071
0.001279
0.000721
0.001877
0.000737
0.002152
0.001010
0.000944
0.000433
0.000417
0.001450
0.000426
0.000501
0.000529
0.001596
0.001698
0.002282
0.000525
0.000614
0.001610
0.000576
0.000514
0.000325
0.002027
0.000488
0.000636
0.001940
0.000468
0.001724
0.000522
0.002134
0.001083
0.001500
0.000814
0.002277
0.000638
0.000362
0.001665
0.001545
0.001019
0.001038
0.000949
0.001368
0.001978
0.001269
0.000560
0.001231
0.001437
0.000693
0.001427
0.000971
0.000676
0.000479
0.000984
0.000907
0.000368
0.000709
0.000352
0.000640
0.000914
0.001034
0.001501
0.000644
0.002046
0.002177
0.000410
0.000430
0.000986
0.000696
0.000808
0.000686
0.000324
0.001352
0.000620
0.000687
0.000437
0.002020
0.001547
0.000756
0.000589
0.001774
0.000909
0.001093
0.000440
0.000401
0.001053
0.000812
0.000535
0.000624
0.001169
0.000912
0.001254
0.001323
0.001411
0.002281
0.000778
0.001335
0.000374
0.001960
0.000500
0.000868
0.001963
0.000965
0.000429
0.000864
0.001648
0.000797
0.000927
0.000943
0.002317
0.000773
0.000369
0.001745
0.000766
0.001058
0.000391
0.000856
0.002164
0.002243
0.000319
0.000338
0.001488
0.002230
0.001620
0.000653
0.001796
0.001230
0.000374
0.000632
0.000703
0.001750
0.000531
0.000346
0.001565
0.001183
0.000749
0.001416
0.001953
0.000412
0.000455
0.002254
0.000536
0.000382
0.000423
0.000556
0.000415
0.001572
0.001798
0.000369
0.001007
0.001108
0.000949
0.000321
0.000422
0.001232
0.001740
0.000919
0.001096
0.000760
0.000638
0.000471
0.000882
0.000416
0.000706
0.000679
0.000368
0.001452
0.000511
0.000343
0.000404
0.000524
0.000456
0.000867
0.000511
0.001637
0.000728
0.002251
0.000349
0.001640
0.001922
0.000578
0.002091
0.000348
0.000843
0.000519
0.000841
0.000938
0.000621
0.001865
0.001912
0.000629
0.000661
0.000338
0.000395
0.000438
0.001504
0.001827
0.000689
0.000481
0.000512
0.000545
0.000709
0.000846
0.000383
0.000494
0.000411
0.000842
0.002079
0.002134
0.002139
0.001164
0.000998
0.001438
0.000356
0.000755
0.000505
0.000955
0.000640
0.000351
0.001633
0.000602
0.000326
0.000710
0.000344
0.001944
0.000443
0.001594
0.001157
0.000530
0.001365
0.000410
0.001154
0.000848
0.000779
0.000674
0.000944
0.001330
0.000572
0.000562
0.001401
0.001099
0.000461
0.001603
0.001248
0.000590
0.000456
0.000683
0.000660
0.000629
0.001104
0.001615
0.001504
0.001205
0.000372
0.000675
0.002027
0.000791
0.001491
0.000580
0.000837
0.001952
0.000756
0.000840
0.000772
0.001433
0.000583
0.000392
0.000874
0.000694
0.000878
0.001801
0.001621
0.000650
0.001549
0.001978
0.001146
0.000938
0.000674
0.000418
0.001602
0.000471
0.000917
0.002108
0.000637
0.002289
0.002067
0.000511
0.001822
0.000327
0.000950
0.000687
0.001097
0.001503
0.001022
0.000820
0.000479
0.000931
0.000577
0.000328
0.000810
0.001912
0.000501
0.000466
0.001710
0.001859
0.000466
0.000764
0.000496
0.000425
0.000445
0.000510
0.000498
0.001564
0.000755
0.000814
0.000589
0.000378
0.002003
0.001147
0.000747
0.001121
0.000457
0.001017
0.001930
0.001352
0.002242
0.000642
0.000760
0.001232
0.000395
0.001300
0.000529
0.000437
0.000716
0.000413
0.001038
0.000777
0.000534
0.000344
0.001055
0.001557
0.001310
0.000442
0.000492
0.001666
0.000400
0.000605
0.000572
0.001173
0.000598
0.000732
0.000738
0.001509
0.000873
0.000396
0.000375
0.002305
0.000534
0.000454
0.001568
0.001453
0.000335
0.000538
0.002025
0.000515
0.001362
0.000387
0.000840
0.000629
0.001005
0.000555
0.000508
0.002193
0.000791
0.000485
0.002169
0.001062
0.000943
0.000497
0.000896
0.000462
0.000502
0.000705
0.000840
0.000722
0.001101
0.000444
0.001229
0.000575
0.000697
0.001128
0.000659
0.000428
0.002279
0.001472
0.000341
0.001851
0.001856
0.002152
0.001963
0.000328
0.001553
0.001014
0.000385
0.001465
0.000533
0.000609
0.000618
0.000409
0.001230
0.000567
0.000415
0.001720
0.001337
0.000501
0.000391
0.000862
0.001168
0.000317
0.000849
0.000324
0.001501
0.000561
0.001321
0.000385
0.001926
0.000682
0.001877
0.000643
0.000616
0.001334
0.001278
0.000360
0.000469
0.000883
0.000336
0.000738
0.001399
0.001256
0.000859
0.000525
0.000825
0.000705
0.001930
0.000536
0.001070
0.002047
0.001087
0.000813
0.001763
0.001072
0.001582
0.000839
0.001001
0.000884
0.000456
0.000516
0.000511
0.000615
0.001861
0.000863
0.000335
0.001041
0.000842
0.000588
0.000442
0.002168
0.002237
0.000503
0.001314
0.001407
0.000860
0.000602
0.000811
0.000597
0.000356
0.002123
0.001236
0.000921
0.000344
0.001807
0.000365
0.002049
0.000897
0.001200
0.000383
0.000564
0.001623
0.000360
0.001621
0.000502
0.001340
0.001294
0.000426
0.000467
0.001182
0.000735
0.000891
0.002055
0.002212
0.000420
0.001157
0.001144
0.001566
0.000813
0.000783
0.000757
0.000750
0.000515
0.001646
0.000869
0.000373
0.001938
0.000412
0.000368
0.000447
0.001318
0.000691
0.001086
0.001666
0.000461
0.001576
0.000699
0.000357
0.000551
0.000702
0.001758
0.000906
0.001946
0.000727
0.001086
0.001175
0.000454
0.001109
0.000885
0.000567
0.001644
0.000749
0.000648
0.000326
0.001616
0.002262
0.000568
0.000441
0.000446
0.000391
0.000847
0.000665
0.000467
0.000470
0.001780
0.000841
0.000475
0.000623
0.001084
0.002120
0.001830
0.001991
0.000693
0.000351
0.002098
0.001382
0.000441
0.000541
0.002207
0.000736
0.000976
0.000945
0.001046
0.002082
0.000411
0.000729
0.000982
0.002257
0.000958
0.000577
0.000588
0.001284
0.000402
0.001198
0.001382
0.000929
0.000513
0.001277
0.001638
0.001198
0.000458
0.000451
0.000591
0.000408
0.001843
0.002331
0.001217
0.000445
0.001386
0.000337
0.000358
0.000971
0.000411
0.001844
0.000378
0.001205
0.000321
0.000462
0.000787
0.000661
0.001124
0.000794
0.000912
0.002251
0.000855
0.000432
0.000618
0.001749
0.000524
0.001147
0.000504
0.000671
0.000447
0.000463
0.001041
0.000744
0.001352
0.000829
0.001828
0.000402
0.001300
0.001027
0.000505
0.000497
0.000822
0.000682
0.000328
0.001014
0.001409
0.000523
0.001170
0.000565
0.000369
0.001086
0.000813
0.000537
0.002318
0.001643
0.000916
0.002255
0.001909
0.001361
0.001483
0.000629
0.000475
0.001016
0.001939
0.000392
0.000669
0.001936
0.001723
0.001835
0.000607
0.001622
0.000607
0.000532
0.001181
0.001037
0.001022
0.000331
0.000349
0.000740
0.001474
0.000591
0.000845
0.000436
0.000839
0.000452
0.000745
0.000736
0.000696
0.000382
0.001493
0.001046
0.002220
0.000810
0.001412
0.001271
0.001124
0.001281
0.000365
0.001133
0.001122
0.000338
0.000910
0.000363
0.000571
0.000599
0.000606
0.000914
0.001116
0.001170
0.002309
0.000714
0.000887
0.001629
0.001346
0.001329
0.000516
0.002193
0.000614
0.000914
0.001412
0.000605
0.001238
0.000390
0.001234
0.001072
0.000370
0.001500
0.000791
0.000737
0.001277
0.000379
0.000362
0.000538
0.000363
0.000430
0.000907
0.000554
0.000534
0.000762
0.000831
0.000907
0.000410
0.000789
0.000382
0.001820
0.000402
0.000891
0.002198
0.002086
0.001434
0.001131
0.000540
0.002145
0.001347
0.000511
0.000726
0.001222
0.000817
0.000563
0.000353
0.001211
0.001078
0.001269
0.000843
0.000362
0.001929
0.000526
0.002051
0.000495
0.001983
0.001202
0.000580
0.001710
0.001534
0.000629
0.000497
0.001505
0.000776
0.001220
0.000876
0.000320
0.000501
0.001054
0.001312
0.000685
0.002263
0.001974
0.001172
0.000317
0.000545
0.000797
0.000807
0.000738
0.000318
0.000794
0.000772
0.001474
0.002203
0.000602
0.000581
0.001518
0.000486
0.000811
0.000518
0.000339
0.001585
0.000449
0.000836
0.001338
0.000714
0.000815
0.000486
0.000429
0.000931
0.000625
0.001342
0.001065
0.000557
0.000464
0.000936
0.001384
0.001433
0.000514
0.000614
0.001979
0.001571
0.000541
0.001754
0.001461
0.000326
0.000461
0.001855
0.000562
0.001035
0.000379
0.000375
0.001000
0.002009
0.001239
0.001965
0.000943
0.002247
0.000740
0.001912
0.001147
0.002111
0.001154
0.002048
0.001229
0.000321
0.001127
0.001497
0.002092
0.000333
0.000480
0.001024
0.001305
0.001159
0.000507
0.000609
0.000401
0.000395
0.001065
0.000405
0.000777
0.002216
0.000791
0.000918
0.001187
0.001188
0.001475
0.001303
0.000637
0.000363
0.001188
0.000477
0.000726
0.000752
0.001702
0.000323
0.001672
0.000363
0.000528
0.000628
0.001078
0.000590
