srun: job 77954 queued and waiting for resources
srun: job 77954 has been allocated resources
# elapsed time (softime_plain): 1.129e-05s
0.014355
0.003690
0.017223
0.014950
0.003628
0.019539
0.017486
0.004379
0.009968
0.005212
0.003420
0.008407
0.004912
0.004102
0.008402
0.020500
0.019100
0.020647
0.019384
0.019493
0.003857
0.012017
0.019606
0.020023
0.019087
0.003506
0.007429
0.013886
0.013946
0.005097
0.003738
0.002841
0.006542
0.003524
0.017569
0.010117
0.013723
0.016306
0.019176
0.007706
0.010445
0.013881
0.003023
0.005796
0.015378
0.004300
0.018222
0.010994
0.010937
0.006247
0.012809
0.012378
0.012440
0.007273
0.006166
0.006546
0.010440
0.003984
0.003963
0.005147
0.011551
0.013863
0.002999
0.005300
0.004896
0.016111
0.003086
0.003792
0.003418
0.020549
0.014608
0.014563
0.011295
0.003615
0.005306
0.012964
0.018824
0.007507
0.003015
0.010611
0.006768
0.003620
0.006036
0.004285
0.013010
0.003118
0.013805
0.003027
0.004089
0.006373
0.007495
0.007033
0.006861
0.007462
0.010250
0.013772
0.011628
0.017751
0.012731
0.014150
